Rk,Player,Debut,Age,Yrs,G,MP,FG,FGA,3P,3PA,FT,FTA,ORB,TRB,AST,STL,BLK,TOV,PF,PTS,FG%,3P%,FT%,MP,PTS,TRB,AST,STL,BLK
1,Timmy Allen,Apr 6 '24 MEM vs. PHI,24,1,3,74,5,17,0,6,0,0,1,10,3,2,0,1,12,10,.294,.000,,24.7,3.3,3.3,1.0,0.7,0.0
2,Ibou Badji,Dec 26 '23 POR vs. SAC,21,1,21,216,13,20,0,0,6,12,20,51,13,2,20,14,44,32,.650,,.500,10.3,1.5,2.4,0.6,0.1,1.0
3,Amari Bailey,Nov 12 '23 CHO @ NYK,19,1,8,31,3,12,0,5,1,2,2,2,2,1,0,1,0,7,.250,.000,.500,3.9,0.9,0.3,0.3,0.1,0.0
4,Emoni Bates,Oct 28 '23 CLE vs. IND,20,1,14,103,12,37,9,28,1,4,1,11,7,1,2,2,5,34,.324,.321,.250,7.4,2.4,0.8,0.5,0.1,0.1
5,Jules Bernard,Dec 8 '23 WAS @ BRK,24,1,18,125,24,54,9,25,4,8,8,20,13,2,1,6,14,61,.444,.360,.500,6.9,3.4,1.1,0.7,0.1,0.1
6,Onuralp Bitim,Nov 4 '23 CHI @ DEN,24,1,22,243,30,74,11,38,3,4,6,30,13,3,2,7,21,74,.405,.289,.750,11.0,3.4,1.4,0.6,0.1,0.1
7,Anthony Black,Oct 25 '23 ORL vs. HOU,20,1,68,1159,113,244,36,92,49,80,33,138,91,35,21,55,110,311,.463,.391,.613,17.0,4.6,2.0,1.3,0.5,0.3
8,Leaky Black,Nov 8 '23 CHO vs. WAS,24,1,24,237,19,42,7,16,9,14,8,39,19,5,8,5,16,54,.452,.438,.643,9.9,2.3,1.6,0.8,0.2,0.3
9,Izaiah Brockington,Mar 5 '24 NOP @ TOR,24,1,1,3,2,5,0,1,0,0,1,2,0,0,0,0,0,4,.400,.000,,3.0,4.0,2.0,0.0,0.0,0.0
10,Kobe Brown,Oct 25 '23 LAC vs. POR,24,1,42,337,30,72,12,42,1,2,13,52,19,7,4,8,45,73,.417,.286,.500,8.0,1.7,1.2,0.5,0.2,0.1
11,Kobe Bufkin,Oct 29 '23 ATL @ MIL,20,1,15,179,30,84,9,38,4,8,5,29,27,7,5,9,18,73,.357,.237,.500,11.9,4.9,1.9,1.8,0.5,0.3
12,Toumani Camara,Oct 25 '23 POR @ LAC,23,1,70,1739,197,438,58,172,75,99,139,343,87,66,33,84,174,527,.450,.337,.758,24.8,7.5,4.9,1.2,0.9,0.5
13,D.J. Carton,Feb 22 '24 TOR vs. BRK,23,1,4,36,3,8,1,4,4,5,2,4,3,1,0,1,3,11,.375,.250,.800,9.0,2.8,1.0,0.8,0.3,0.0
14,Colin Castleton,Nov 4 '23 LAL @ ORL,23,1,15,57,9,15,0,0,6,6,6,12,3,2,0,3,10,24,.600,,1.000,3.8,1.6,0.8,0.2,0.1,0.0
15,Malcolm Cazalon,Nov 5 '23 DET vs. PHO,22,1,1,3,0,0,0,0,0,0,0,0,0,0,0,0,0,0,,,,3.0,0.0,0.0,0.0,0.0,0.0
16,Sidy Cissoko,Nov 20 '23 SAS vs. LAC,19,1,10,93,9,20,1,9,11,13,5,15,5,4,1,2,9,30,.450,.111,.846,9.3,3.0,1.5,0.5,0.4,0.1
17,Noah Clowney,Nov 25 '23 BRK vs. MIA,19,1,21,301,41,76,9,25,17,25,22,72,14,7,15,12,21,108,.539,.360,.680,14.3,5.1,3.4,0.7,0.3,0.7
18,Bilal Coulibaly,Oct 25 '23 WAS @ IND,19,1,63,1715,188,432,64,185,92,131,56,256,110,57,48,87,137,532,.435,.346,.702,27.2,8.4,4.1,1.7,0.9,0.8
19,Ricky Council IV,Jan 2 '24 PHI vs. CHI,22,1,30,280,53,110,11,31,53,71,14,44,16,8,1,4,16,170,.482,.355,.746,9.3,5.7,1.5,0.5,0.3,0.0
20,Jalen Crutcher,Feb 27 '24 NOP @ NYK,24,1,1,3,0,1,0,0,0,0,0,0,0,0,0,0,0,0,.000,,,3.0,0.0,0.0,0.0,0.0,0.0
21,Dexter Dennis,Dec 1 '23 DAL vs. MEM,24,1,4,30,10,19,1,8,1,3,1,9,4,0,1,3,1,22,.526,.125,.333,7.5,5.5,2.3,1.0,0.0,0.3
22,Gradey Dick,Oct 25 '23 TOR vs. MIN,20,1,58,1208,181,425,85,231,41,47,27,129,67,32,2,48,86,488,.426,.368,.872,20.8,8.4,2.2,1.2,0.6,0.0
23,Henri Drell,Mar 14 '24 CHI vs. LAC,23,1,3,7,1,3,0,2,0,0,1,2,3,0,0,1,1,2,.333,.000,,2.3,0.7,0.7,1.0,0.0,0.0
24,Tosan Evbuomwan,Feb 2 '24 MEM vs. GSW,22,1,17,367,36,71,12,32,17,25,18,60,16,6,5,9,23,101,.507,.375,.680,21.6,5.9,3.5,0.9,0.4,0.3
25,Adam Flagler,Feb 23 '24 OKC vs. WAS,24,1,2,14,1,7,1,6,0,0,0,0,4,0,0,0,0,3,.143,.167,,7.0,1.5,0.0,2.0,0.0,0.0
26,Jordan Ford,Oct 25 '23 SAC @ UTA,25,1,6,22,4,7,2,3,2,2,0,2,2,0,0,1,0,12,.571,.667,1.000,3.7,2.0,0.3,0.3,0.0,0.0
27,Javon Freeman-Liberty,Jan 17 '24 TOR vs. MIA,24,1,20,355,51,113,10,37,29,32,15,68,31,10,2,20,26,141,.451,.270,.906,17.8,7.1,3.4,1.6,0.5,0.1
28,Alex Fudge,Nov 4 '23 LAL @ ORL,20,1,4,14,1,6,0,2,2,2,2,2,0,0,0,1,1,4,.167,.000,1.000,3.5,1.0,0.5,0.0,0.0,0.0
29,Andrew Funk,Mar 14 '24 CHI vs. LAC,24,1,4,6,0,2,0,1,0,0,0,0,0,1,0,0,0,0,.000,.000,,1.5,0.0,0.0,0.0,0.3,0.0
30,Kaiser Gates,Oct 30 '23 NOP vs. GSW,27,1,1,7,0,4,0,2,0,0,0,1,0,0,0,0,0,0,.000,.000,,7.0,0.0,1.0,0.0,0.0,0.0
31,Keyonte George,Oct 25 '23 UTA vs. SAC,20,1,73,1974,306,789,140,427,187,219,15,209,326,36,7,182,89,939,.388,.328,.854,27.0,12.9,2.9,4.5,0.5,0.1
32,Collin Gillespie,Oct 24 '23 DEN vs. LAL,24,1,24,225,32,69,15,38,8,12,1,21,27,13,0,14,24,87,.464,.395,.667,9.4,3.6,0.9,1.1,0.5,0.0
33,Mouhamadou Gueye,Feb 12 '24 TOR vs. SAS,25,1,11,120,11,38,0,3,4,9,12,23,5,3,18,12,15,26,.289,.000,.444,10.9,2.4,2.1,0.5,0.3,1.6
34,Mouhamed Gueye,Oct 29 '23 ATL @ MIL,21,1,4,25,1,7,1,4,0,0,3,8,3,2,1,1,5,3,.143,.250,,6.3,0.8,2.0,0.8,0.5,0.3
35,Jordan Hawkins,Oct 25 '23 NOP @ MEM,21,1,67,1160,174,456,109,298,67,80,29,148,70,19,7,40,72,524,.382,.366,.838,17.3,7.8,2.2,1.0,0.3,0.1
36,Scoot Henderson,Oct 25 '23 POR @ LAC,19,1,61,1732,297,774,81,261,163,199,51,189,329,47,12,211,192,838,.384,.310,.819,28.4,13.7,3.1,5.4,0.8,0.2
37,Taylor Hendricks,Oct 25 '23 UTA vs. SAC,20,1,38,792,99,225,50,133,21,27,42,172,29,25,29,26,73,269,.440,.376,.778,20.8,7.1,4.5,0.8,0.7,0.8
38,D'Moi Hodge,Nov 4 '23 LAL @ ORL,25,1,7,41,5,15,3,12,1,2,0,0,5,1,1,1,4,14,.333,.250,.500,5.9,2.0,0.0,0.7,0.1,0.1
39,Chet Holmgren,Oct 25 '23 OKC @ CHI,21,1,80,2376,490,932,128,344,214,271,124,630,197,52,186,127,194,1322,.526,.372,.790,29.7,16.5,7.9,2.5,0.7,2.3
40,Jalen Hood-Schifino,Nov 27 '23 LAL @ PHI,20,1,21,109,10,45,2,15,12,20,2,13,8,3,2,9,13,34,.222,.133,.600,5.2,1.6,0.6,0.4,0.1,0.1
41,Jett Howard,Oct 25 '23 ORL vs. HOU,20,1,17,61,10,29,7,24,2,4,1,6,5,1,2,3,3,29,.345,.292,.500,3.6,1.7,0.4,0.3,0.1,0.1
42,Matthew Hurt,Jan 29 '24 MEM vs. SAC,23,1,8,113,12,34,5,20,3,3,9,16,4,3,3,2,8,32,.353,.250,1.000,14.1,4.0,2.0,0.5,0.4,0.4
43,Andre Jackson Jr.,Oct 29 '23 MIL vs. ATL,22,1,55,553,50,98,17,45,8,11,43,110,49,15,6,24,90,125,.510,.378,.727,10.1,2.3,2.0,0.9,0.3,0.1
44,GG Jackson II,Oct 30 '23 MEM vs. DAL,19,1,46,1149,212,504,91,260,109,144,47,183,57,23,23,60,59,624,.421,.350,.757,25.0,13.6,4.0,1.2,0.5,0.5
45,Trayce Jackson-Davis,Oct 27 '23 GSW @ SAC,23,1,66,1088,224,321,0,1,74,128,132,330,79,28,76,47,105,522,.698,.000,.578,16.5,7.9,5.0,1.2,0.4,1.2
46,Jaime Jaquez Jr.,Oct 25 '23 MIA vs. DET,22,1,73,2048,328,670,63,194,132,164,82,277,181,74,17,109,161,851,.490,.325,.805,28.1,11.7,3.8,2.5,1.0,0.2
47,Trey Jemison,Jan 24 '24 WAS vs. MIN,24,1,23,500,69,126,0,0,21,25,59,118,24,10,26,31,59,159,.548,,.840,21.7,6.9,5.1,1.0,0.4,1.1
48,Keyontae Johnson,Oct 29 '23 OKC vs. DEN,23,1,9,66,5,16,1,3,0,0,4,10,4,1,0,4,5,11,.313,.333,,7.3,1.2,1.1,0.4,0.1,0.0
49,Colby Jones,Oct 25 '23 SAC @ UTA,21,1,29,187,25,68,2,22,4,9,17,39,19,7,4,10,29,56,.368,.091,.444,6.4,1.9,1.3,0.7,0.2,0.1
50,Maxwell Lewis,Oct 24 '23 LAL @ DEN,21,1,33,101,4,20,1,8,2,3,2,4,6,2,1,9,5,11,.200,.125,.667,3.1,0.3,0.1,0.2,0.1,0.0
51,E.J. Liddell,Oct 28 '23 NOP vs. NYK,23,1,8,23,1,6,0,5,2,2,0,5,1,2,2,2,2,4,.167,.000,1.000,2.9,0.5,0.6,0.1,0.3,0.3
52,Dereck Lively II,Oct 25 '23 DAL @ SAS,19,1,55,1294,221,296,0,2,41,81,135,378,60,36,77,50,144,483,.747,.000,.506,23.5,8.8,6.9,1.1,0.7,1.4
53,Chris Livingston,Nov 1 '23 MIL @ TOR,20,1,20,76,8,19,1,5,3,4,2,16,5,2,0,4,12,20,.421,.200,.750,3.8,1.0,0.8,0.3,0.1,0.0
54,Seth Lundy,Dec 15 '23 ATL @ TOR,23,1,9,52,4,17,3,13,3,4,1,7,0,0,0,1,6,14,.235,.231,.750,5.8,1.6,0.8,0.0,0.0,0.0
55,Nathan Mensah,Dec 15 '23 CHO vs. NOP,25,1,25,307,12,28,0,0,9,12,29,65,9,6,14,14,64,33,.429,,.750,12.3,1.3,2.6,0.4,0.2,0.6
56,Vasilije Micić,Oct 27 '23 OKC @ CLE,30,1,58,1150,156,361,41,149,61,75,14,86,255,31,7,95,67,414,.432,.275,.813,19.8,7.1,1.5,4.4,0.5,0.1
57,Brandon Miller,Oct 25 '23 CHO vs. ATL,21,1,73,2369,473,1075,183,489,141,171,60,313,175,66,42,131,184,1270,.440,.374,.825,32.5,17.4,4.3,2.4,0.9,0.6
58,Jordan Miller,Oct 25 '23 LAC vs. POR,24,1,8,28,5,9,1,2,2,2,3,5,0,0,0,1,2,13,.556,.500,1.000,3.5,1.6,0.6,0.0,0.0,0.0
59,Leonard Miller,Oct 28 '23 MIN vs. MIA,20,1,16,48,12,17,2,4,1,2,3,17,8,2,1,1,5,27,.706,.500,.500,3.0,1.7,1.1,0.5,0.1,0.1
60,Dariq Whitehead,Nov 25 '23 BRK vs. MIA,19,1,2,24,1,5,0,3,1,2,0,4,3,0,1,0,0,3,.200,.000,.500,12.0,1.5,2.0,1.5,0.0,0.5
61,Taze Moore,Jan 21 '24 POR @ LAL,25,1,3,10,3,5,0,2,0,0,0,0,1,1,0,1,2,6,.600,.000,,3.3,2.0,0.0,0.3,0.3,0.0
62,Kris Murray,Oct 25 '23 POR @ LAC,23,1,60,1262,138,340,47,169,34,53,74,199,78,52,20,53,88,357,.406,.278,.642,21.0,6.0,3.3,1.3,0.9,0.3
63,Pete Nance,Jan 20 '24 CLE @ ATL,23,1,7,15,0,3,0,0,0,2,0,2,0,1,0,1,1,0,.000,,.000,2.1,0.0,0.3,0.0,0.1,0.0
64,Markquis Nowell,Nov 15 '23 TOR vs. MIL,24,1,1,4,0,1,0,0,2,2,2,2,2,1,0,0,0,2,.000,,1.000,4.0,2.0,2.0,2.0,1.0,0.0
65,Mãozinha Pereira,Mar 20 '24 MEM @ GSW,23,1,7,122,18,35,5,13,7,10,11,37,2,6,4,5,10,48,.514,.385,.700,17.4,6.9,5.3,0.3,0.9,0.6
66,Drew Peterson,Dec 23 '23 BOS @ LAC,24,1,1,3,1,1,1,1,0,0,0,0,1,0,0,0,1,3,1.000,1.000,,3.0,3.0,0.0,1.0,0.0,0.0
67,Filip Petrušev,Oct 29 '23 PHI vs. POR,23,1,3,10,1,2,0,0,1,2,0,1,0,0,0,0,1,3,.500,,.500,3.3,1.0,0.3,0.0,0.0,0.0
68,Julian Phillips,Oct 25 '23 CHI vs. OKC,20,1,40,323,32,77,12,38,13,19,12,36,13,7,7,10,40,89,.416,.316,.684,8.1,2.2,0.9,0.3,0.2,0.2
69,Jalen Pickett,Oct 24 '23 DEN vs. LAL,24,1,27,122,15,35,9,25,3,4,1,14,21,4,0,9,13,42,.429,.360,.750,4.5,1.6,0.5,0.8,0.1,0.0
70,Brandin Podziemski,Oct 30 '23 GSW @ NOP,20,1,72,1923,266,586,88,228,50,79,115,411,270,59,13,87,122,670,.454,.386,.633,26.7,9.3,5.7,3.8,0.8,0.2
71,Craig Porter Jr.,Oct 28 '23 CLE vs. IND,23,1,50,640,115,226,12,34,41,56,21,106,116,20,14,45,39,283,.509,.353,.732,12.8,5.7,2.1,2.3,0.4,0.3
72,Olivier-Maxence Prosper,Nov 3 '23 DAL @ DEN,21,1,38,270,29,78,9,35,23,34,20,65,20,5,3,5,17,90,.372,.257,.676,7.1,2.4,1.7,0.5,0.1,0.1
73,Duop Reath,Nov 12 '23 POR @ LAL,27,1,66,1171,222,480,85,238,64,87,91,240,67,30,35,51,158,593,.463,.357,.736,17.7,9.0,3.6,1.0,0.5,0.5
74,Rayan Rupert,Oct 25 '23 POR @ LAC,19,1,37,567,49,143,25,67,17,21,20,84,52,11,3,28,55,140,.343,.373,.810,15.3,3.8,2.3,1.4,0.3,0.1
75,Jermaine Samuels,Oct 25 '23 HOU @ ORL,25,1,13,55,9,14,0,2,2,2,3,12,2,1,1,0,4,20,.643,.000,1.000,4.2,1.5,0.9,0.2,0.1,0.1
76,Adama Sanogo,Dec 28 '23 CHI vs. IND,21,1,8,31,6,9,0,0,2,3,9,16,0,0,0,3,0,14,.667,,.667,3.9,1.8,2.0,0.0,0.0,0.0
77,Gui Santos,Nov 16 '23 GSW vs. OKC,21,1,22,168,23,45,9,22,14,15,15,44,12,3,2,7,20,69,.511,.409,.933,7.6,3.1,2.0,0.5,0.1,0.1
78,Marcus Sasser,Oct 25 '23 DET @ MIA,23,1,69,1287,204,479,86,227,51,59,10,119,226,43,11,85,101,545,.426,.379,.864,18.7,7.9,1.7,3.3,0.6,0.2
79,Brice Sensabaugh,Oct 25 '23 UTA vs. SAC,20,1,30,535,76,195,32,104,34,38,14,96,54,11,4,42,40,218,.390,.308,.895,17.8,7.3,3.2,1.8,0.4,0.1
80,Ben Sheppard,Oct 25 '23 IND vs. WAS,22,1,55,774,86,220,47,150,23,26,13,82,50,32,2,13,86,242,.391,.313,.885,14.1,4.4,1.5,0.9,0.6,0.0
81,Dmytro Skapintsev,Dec 23 '23 NYK vs. MIL,25,1,2,2,0,1,0,0,0,0,0,0,0,0,0,0,0,0,.000,,,1.0,0.0,0.0,0.0,0.0,0.0
82,Jalen Slawson,Nov 15 '23 SAC @ LAL,24,1,11,33,3,5,0,2,0,0,1,7,2,1,1,2,7,6,.600,.000,,3.0,0.5,0.6,0.2,0.1,0.1
83,Nick Smith Jr.,Oct 25 '23 CHO vs. ATL,19,1,49,667,99,257,54,129,11,13,17,63,54,9,7,37,54,263,.385,.419,.846,13.6,5.4,1.3,1.1,0.2,0.1
84,Terquavion Smith,Jan 19 '24 PHI @ ORL,21,1,14,78,18,43,13,33,2,3,0,3,11,8,0,5,7,51,.419,.394,.667,5.6,3.6,0.2,0.8,0.6,0.0
85,Pat Spencer,Feb 25 '24 GSW vs. DEN,27,1,5,11,1,1,0,0,0,0,0,0,2,0,0,0,1,2,1.000,,,2.2,0.4,0.0,0.4,0.0,0.0
86,Julian Strawther,Oct 27 '23 DEN @ MEM,21,1,49,544,82,222,41,138,22,31,5,61,47,17,7,22,54,227,.369,.297,.710,11.1,4.6,1.2,1.0,0.3,0.1
87,Amen Thompson,Oct 25 '23 HOU @ ORL,21,1,60,1313,225,425,8,57,99,146,137,383,147,75,35,85,135,557,.529,.140,.678,21.9,9.3,6.4,2.5,1.3,0.6
88,Ausar Thompson,Oct 25 '23 DET @ MIA,21,1,63,1583,232,480,21,113,71,119,129,402,120,68,59,84,175,556,.483,.186,.597,25.1,8.8,6.4,1.9,1.1,0.9
89,Jacob Toppin,Dec 5 '23 NYK @ MIL,23,1,9,38,5,9,1,4,2,2,3,7,3,0,1,1,3,13,.556,.250,1.000,4.2,1.4,0.8,0.3,0.0,0.1
90,Oscar Tshiebwe,Dec 9 '23 IND @ LAL,24,1,8,42,10,20,0,0,6,8,8,16,2,2,1,0,3,26,.500,,.750,5.3,3.3,2.0,0.3,0.3,0.1
91,Hunter Tyson,Oct 29 '23 DEN @ OKC,23,1,17,47,8,20,4,14,0,0,1,9,2,1,0,2,10,20,.400,.286,,2.8,1.2,0.5,0.1,0.1,0.0
92,Sasha Vezenkov,Oct 25 '23 SAC @ UTA,28,1,41,500,84,189,45,119,12,15,30,95,19,19,7,12,41,225,.444,.378,.800,12.2,5.5,2.3,0.5,0.5,0.2
93,Tristan Vukcevic,Mar 23 '24 WAS vs. TOR,20,1,9,131,24,56,8,29,10,13,6,35,12,4,6,7,24,66,.429,.276,.769,14.6,7.3,3.9,1.3,0.4,0.7
94,Jarace Walker,Oct 25 '23 IND vs. WAS,20,1,32,330,42,105,20,52,8,9,12,58,39,14,11,16,29,112,.400,.385,.889,10.3,3.5,1.8,1.2,0.4,0.3
95,Cason Wallace,Oct 25 '23 OKC @ CHI,20,1,80,1657,210,431,94,228,29,37,51,184,117,74,36,45,127,543,.487,.412,.784,20.7,6.8,2.3,1.5,0.9,0.5
96,Jordan Walsh,Jan 17 '24 BOS vs. SAS,19,1,7,46,3,9,0,5,0,0,4,14,4,2,1,2,7,6,.333,.000,,6.6,0.9,2.0,0.6,0.3,0.1
97,Victor Wembanyama,Oct 25 '23 SAS vs. DAL,20,1,70,2069,539,1159,123,382,287,360,160,743,269,87,252,253,152,1488,.465,.322,.797,29.6,21.3,10.6,3.8,1.2,3.6
98,Cam Whitmore,Oct 25 '23 HOU @ ORL,19,1,45,819,199,436,74,205,75,109,41,169,24,28,16,44,58,547,.456,.361,.688,18.2,12.2,3.8,0.5,0.6,0.4
99,Malik Williams,Apr 3 '24 TOR @ MIN,25,1,5,76,6,25,1,4,0,2,11,30,2,3,4,2,10,13,.240,.250,.000,15.2,2.6,6.0,0.4,0.6,0.8
100,Jalen Wilson,Nov 1 '23 BRK @ MIA,23,1,41,600,68,156,22,65,36,44,42,115,44,9,2,19,43,194,.436,.338,.818,14.6,4.7,2.8,1.1,0.2,0.0
101,Isaiah Wong,Dec 9 '23 IND @ LAL,23,1,1,4,1,3,0,1,0,0,0,0,0,0,0,0,0,2,.333,.000,,4.0,2.0,0.0,0.0,0.0,0.0
